 60.000000  0.002494
 60.001953  0.025552
 60.003906  0.006106
 60.005859  0.005774
 60.007813  0.010196
 60.009766  0.007478
 60.011719  0.005775
 60.013672  0.005323
 60.015625  0.005165
 60.017578  0.005269
 60.019531  0.005104
 60.021484  0.005054
 60.023438  0.005027
 60.025391  0.005019
 60.027344  0.005001
 60.029297  0.004996
 60.031250  0.004995
 60.033203  0.004996
 60.035156  0.005000
 60.037109  0.005006
 60.039063  0.005015
 60.041016  0.005025
 60.042969  0.005027
 60.044922  0.005062
 60.046875  0.005074
 60.048828  0.005084
 60.050781  0.005040
 60.052734  0.005402
 60.054688  0.005286
 60.056641  0.005475
 60.058594  0.005096
 60.060547  0.002541
 60.062500  0.005313
 60.064453  0.004990
 60.066406  0.005267
 60.068359  0.005351
 60.070313  0.004909
 60.072266  0.004985
 60.074219  0.005019
 60.076172  0.005035
 60.078125  0.005040
 60.080078  0.005064
 60.082031  0.005091
 60.083984  0.005111
 60.085938  0.005133
 60.087891  0.005153
 60.089844  0.005174
 60.091797  0.005194
 60.093750  0.005215
 60.095703  0.005236
 60.097656  0.005258
 60.099609  0.005280
 60.101563  0.005303
 60.103516  0.005327
 60.105469  0.005348
 60.107422  0.005372
 60.109375  0.005395
 60.111328  0.005421
 60.113281  0.005450
 60.115234  0.005475
 60.117188  0.005503
 60.119141  0.005527
 60.121094  0.005549
 60.123047  0.005585
 60.125000  0.005615
 60.126953  0.005636
 60.128906  0.005653
 60.130859  0.005719
 60.132813  0.005732
 60.134766  0.005762
 60.136719  0.005795
 60.138672  0.005857
 60.140625  0.005872
 60.142578  0.005913
 60.144531  0.005950
 60.146484  0.005990
 60.148438  0.006029
 60.150391  0.006071
 60.152344  0.006113
 60.154297  0.006156
 60.156250  0.006201
 60.158203  0.006247
 60.160156  0.006294
 60.162109  0.006342
 60.164063  0.006392
 60.166016  0.006444
 60.167969  0.006496
 60.169922  0.006550
 60.171875  0.006609
 60.173828  0.006664
 60.175781  0.006724
 60.177734  0.006784
 60.179688  0.006856
 60.181641  0.006906
 60.183594  0.006976
 60.185547  0.007050
 60.187500  0.007120
 60.189453  0.007196
 60.191406  0.007270
 60.193359  0.007347
 60.195313  0.007428
 60.197266  0.007511
 60.199219  0.007599
 60.201172  0.007689
 60.203125  0.007782
 60.205078  0.007877
 60.207031  0.007977
 60.208984  0.008080
 60.210938  0.008187
 60.212891  0.008298
 60.214844  0.008414
 60.216797  0.008534
 60.218750  0.008659
 60.220703  0.008789
 60.222656  0.008924
 60.224609  0.009064
 60.226563  0.009211
 60.228516  0.009364
 60.230469  0.009533
 60.232422  0.009652
 60.234375  0.009883
 60.236328  0.010088
 60.238281  0.010228
 60.240234  0.010693
 60.242188  0.010440
 60.244141  0.010789
 60.246094  0.011124
 60.248047  0.011300
 60.250000  0.011821
 60.251953  0.011911
 60.253906  0.012176
 60.255859  0.012492
 60.257813  0.012598
 60.259766  0.013395
 60.261719  0.013858
 60.263672  0.014182
 60.265625  0.014629
 60.267578  0.014975
 60.269531  0.015529
 60.271484  0.016088
 60.273438  0.016690
 60.275391  0.017343
 60.277344  0.018072
 60.279297  0.018871
 60.281250  0.019755
 60.283203  0.020740
 60.285156  0.021844
 60.287109  0.023093
 60.289063  0.024516
 60.291016  0.026167
 60.292969  0.028224
 60.294922  0.030299
 60.296875  0.033176
 60.298828  0.036990
 60.300781  0.047157
 60.302734  0.033168
 60.304688  0.043407
 60.306641  0.044531
 60.308594  0.082151
 60.310547  0.155631
 60.312500  0.105603
 60.314453  0.119640
 60.316406  0.167293
 60.318359  1.000000
 60.320313  0.390711
 60.322266  0.221445
 60.324219  0.135723
 60.326172  0.094361
 60.328125  0.076744
 60.330078  0.060986
 60.332031  0.051092
 60.333984  0.044007
 60.335938  0.038679
 60.337891  0.034394
 60.339844  0.030982
 60.341797  0.028186
 60.343750  0.025857
 60.345703  0.023886
 60.347656  0.022201
 60.349609  0.020757
 60.351563  0.019524
 60.353516  0.018574
 60.355469  0.017511
 60.357422  0.016793
 60.359375  0.016108
 60.361328  0.015397
 60.363281  0.016922
 60.365234  0.016530
 60.367188  0.018427
 60.369141  0.016998
 60.371094  0.022978
 60.373047  0.010117
 60.375000  0.007293
 60.376953  0.009856
 60.378906  0.009290
 60.380859  0.006830
 60.382813  0.006932
 60.384766  0.006807
 60.386719  0.006790
 60.388672  0.005811
 60.390625  0.006037
 60.392578  0.005854
 60.394531  0.005697
 60.396484  0.005535
 60.398438  0.005360
 60.400391  0.005195
 60.402344  0.005033
 60.404297  0.004876
 60.406250  0.004720
 60.408203  0.004571
 60.410156  0.004425
 60.412109  0.004284
 60.414063  0.004147
 60.416016  0.004014
 60.417969  0.003887
 60.419922  0.003767
 60.421875  0.003653
 60.423828  0.003510
 60.425781  0.003410
 60.427734  0.003298
 60.429688  0.003193
 60.431641  0.003098
 60.433594  0.002986
 60.435547  0.002884
 60.437500  0.002730
 60.439453  0.002570
 60.441406  0.002605
 60.443359  0.002486
 60.445313  0.002381
 60.447266  0.002298
 60.449219  0.002263
 60.451172  0.002165
 60.453125  0.002082
 60.455078  0.002010
 60.457031  0.001946
 60.458984  0.001861
 60.460938  0.001795
 60.462891  0.001727
 60.464844  0.001661
 60.466797  0.001597
 60.468750  0.001536
 60.470703  0.001477
 60.472656  0.001420
 60.474609  0.001366
 60.476563  0.001315
 60.478516  0.001266
 60.480469  0.001220
 60.482422  0.001178
 60.484375  0.001139
 60.486328  0.001104
 60.488281  0.001073
 60.490234  0.001045
 60.492188  0.001023
 60.494141  0.001006
 60.496094  0.000992
 60.498047  0.000984
