 62.000000  0.080956
 62.001953  0.098789
 62.003906  0.008126
 62.005859  0.011085
 62.007813  0.005594
 62.009766  0.004333
 62.011719  0.003465
 62.013672  0.002875
 62.015625  0.002518
 62.017578  0.002243
 62.019531  0.002036
 62.021484  0.001875
 62.023438  0.001737
 62.025391  0.001630
 62.027344  0.001542
 62.029297  0.001468
 62.031250  0.001406
 62.033203  0.001352
 62.035156  0.001307
 62.037109  0.001268
 62.039063  0.001233
 62.041016  0.001203
 62.042969  0.001180
 62.044922  0.001155
 62.046875  0.001132
 62.048828  0.001103
 62.050781  0.001047
 62.052734  0.000944
 62.054688  0.001146
 62.056641  0.001085
 62.058594  0.001069
 62.060547  0.001061
 62.062500  0.001070
 62.064453  0.001248
 62.066406  0.000991
 62.068359  0.000990
 62.070313  0.000945
 62.072266  0.000899
 62.074219  0.001114
 62.076172  0.002406
 62.078125  0.001296
 62.080078  0.001291
 62.082031  0.001271
 62.083984  0.001261
 62.085938  0.001259
 62.087891  0.001249
 62.089844  0.001253
 62.091797  0.001260
 62.093750  0.001267
 62.095703  0.001276
 62.097656  0.001286
 62.099609  0.001296
 62.101563  0.001309
 62.103516  0.001321
 62.105469  0.001335
 62.107422  0.001350
 62.109375  0.001364
 62.111328  0.001380
 62.113281  0.001397
 62.115234  0.001413
 62.117188  0.001430
 62.119141  0.001452
 62.121094  0.001469
 62.123047  0.001489
 62.125000  0.001510
 62.126953  0.001532
 62.128906  0.001556
 62.130859  0.001575
 62.132813  0.001599
 62.134766  0.001622
 62.136719  0.001647
 62.138672  0.001676
 62.140625  0.001708
 62.142578  0.001728
 62.144531  0.001757
 62.146484  0.001786
 62.148438  0.001815
 62.150391  0.001846
 62.152344  0.001879
 62.154297  0.001910
 62.156250  0.001944
 62.158203  0.001978
 62.160156  0.002014
 62.162109  0.002050
 62.164063  0.002088
 62.166016  0.002127
 62.167969  0.002167
 62.169922  0.002208
 62.171875  0.002251
 62.173828  0.002295
 62.175781  0.002340
 62.177734  0.002388
 62.179688  0.002435
 62.181641  0.002486
 62.183594  0.002537
 62.185547  0.002591
 62.187500  0.002646
 62.189453  0.002704
 62.191406  0.002763
 62.193359  0.002824
 62.195313  0.002888
 62.197266  0.002954
 62.199219  0.003023
 62.201172  0.003093
 62.203125  0.003168
 62.205078  0.003244
 62.207031  0.003324
 62.208984  0.003407
 62.210938  0.003494
 62.212891  0.003585
 62.214844  0.003679
 62.216797  0.003778
 62.218750  0.003879
 62.220703  0.003995
 62.222656  0.004100
 62.224609  0.004217
 62.226563  0.004342
 62.228516  0.004474
 62.230469  0.004583
 62.232422  0.004833
 62.234375  0.004915
 62.236328  0.005065
 62.238281  0.005235
 62.240234  0.005411
 62.242188  0.005743
 62.244141  0.005557
 62.246094  0.005914
 62.248047  0.006212
 62.250000  0.006475
 62.251953  0.006726
 62.253906  0.007069
 62.255859  0.007296
 62.257813  0.007650
 62.259766  0.008005
 62.261719  0.008384
 62.263672  0.008806
 62.265625  0.009218
 62.267578  0.009757
 62.269531  0.010293
 62.271484  0.010891
 62.273438  0.011558
 62.275391  0.012313
 62.277344  0.013152
 62.279297  0.014114
 62.281250  0.015212
 62.283203  0.016474
 62.285156  0.018056
 62.287109  0.019677
 62.289063  0.021771
 62.291016  0.024353
 62.292969  0.027535
 62.294922  0.031253
 62.296875  0.041479
 62.298828  0.044395
 62.300781  0.056419
 62.302734  0.076110
 62.304688  0.116894
 62.306641  0.402983
 62.308594  1.000000
 62.310547  0.272823
 62.312500  0.127959
 62.314453  0.082397
 62.316406  0.063744
 62.318359  0.036684
 62.320313  0.050730
 62.322266  0.033451
 62.324219  0.030061
 62.326172  0.026994
 62.328125  0.024493
 62.330078  0.022861
 62.332031  0.020458
 62.333984  0.019147
 62.335938  0.017919
 62.337891  0.016844
 62.339844  0.015905
 62.341797  0.015068
 62.343750  0.014328
 62.345703  0.013666
 62.347656  0.013073
 62.349609  0.012566
 62.351563  0.012042
 62.353516  0.011617
 62.355469  0.011212
 62.357422  0.010833
 62.359375  0.010338
 62.361328  0.009179
 62.363281  0.009965
 62.365234  0.009598
 62.367188  0.009405
 62.369141  0.009270
 62.371094  0.009070
 62.373047  0.008062
 62.375000  0.008664
 62.376953  0.008492
 62.378906  0.008667
 62.380859  0.009456
 62.382813  0.011861
 62.384766  0.006492
 62.386719  0.007285
 62.388672  0.007013
 62.390625  0.006928
 62.392578  0.006863
 62.394531  0.006794
 62.396484  0.006639
 62.398438  0.006567
 62.400391  0.006486
 62.402344  0.006405
 62.404297  0.006327
 62.406250  0.006247
 62.408203  0.006178
 62.410156  0.006106
 62.412109  0.006038
 62.414063  0.005973
 62.416016  0.005910
 62.417969  0.005850
 62.419922  0.005792
 62.421875  0.005737
 62.423828  0.005683
 62.425781  0.005632
 62.427734  0.005584
 62.429688  0.005539
 62.431641  0.005494
 62.433594  0.005450
 62.435547  0.005404
 62.437500  0.005374
 62.439453  0.005325
 62.441406  0.005295
 62.443359  0.005259
 62.445313  0.005227
 62.447266  0.005200
 62.449219  0.005167
 62.451172  0.005146
 62.453125  0.005116
 62.455078  0.005091
 62.457031  0.005068
 62.458984  0.005047
 62.460938  0.005018
 62.462891  0.005003
 62.464844  0.004982
 62.466797  0.004965
 62.468750  0.004948
 62.470703  0.004933
 62.472656  0.004918
 62.474609  0.004904
 62.476563  0.004892
 62.478516  0.004880
 62.480469  0.004870
 62.482422  0.004861
 62.484375  0.004852
 62.486328  0.004845
 62.488281  0.004839
 62.490234  0.004833
 62.492188  0.004829
 62.494141  0.004826
 62.496094  0.004823
 62.498047  0.004822
