                      0.961062445271599008478347059281077
                     -0.013272439310336449705407524390921
                      0.399098510168610476345207871418097
                      0.004232969309972580210232884212473
                    196.799572748869309180008713155984879
                     -0.000106297762915116093536231633987
                      0.961063640678302633091334428172559
                     -0.013272464922443534193763348127959
                      0.399099218271495081999944432027405
                      0.004232989882857502751678513419620
                    196.799572774038153966102981939911842
                     -0.000106297762713152132573075914213
                7000000.000000000000000000000000000000000
                6999255.915672963485121726989746093750000
                6999255.915674377232789993286132812500000
                      0.993426708297951766013511587516405
                     -0.014166718005150496367816614906587
                      0.415988915673127623851001999355503
                      0.004647376627050162599397165053006
                    196.800480361614290814031846821308136
                     -0.000106296634001404300372273237230
                      0.993427911174156297313686536654131
                     -0.014166744999202335666965701932440
                      0.415989376707326163895572790352162
                      0.004647394859250498881653168581352
                    196.800480302887677908074692822992802
                     -0.000106296634264702499804780555515
                7000000.000000000000000000000000000000000
                6999255.923575359396636486053466796875000
                6999255.923573516309261322021484375000000
                      1.024378992400597265799433444044553
                     -0.015058542944416051720391003243549
                      0.428555115266594177647618835180765
                      0.005022425146551680145978746594437
                    196.801385638539187539208796806633472
                     -0.000106295484947309479967225698260
                      1.024380190710451277169568129465915
                     -0.015058571140292001735994098510218
                      0.428555303183090430252377700526267
                      0.005022440612518994269841687838607
                    196.801385568265317260738811455667019
                     -0.000106295484975781333748107160275
                7000000.000000000000000000000000000000000
                6999255.931618737988173961639404296875000
                6999255.931618538685142993927001953125000
                      1.053696408660895755815545271616429
                     -0.015943803933022238777938994758188
                      0.436284641045920684732095651270356
                      0.005349957604985158127197664157393
                    196.802284513433676238491898402571678
                     -0.000106294315818423329433883850470
                      1.053697590813474693760554146138020
                     -0.015943833135910242398969316468538
                      0.436284531467464709031389702431625
                      0.005349969881572325981766713454135
                    196.802284494401504844063310883939266
                     -0.000106294316211441453447032745583
                7000000.000000000000000000000000000000000
                6999255.939802640117704868316650390625000
                6999255.939799888990819454193115234375000
                      1.081150697377158742540359526174143
                     -0.016818170691547052603143086457749
                      0.438693332047301209897227636247408
                      0.005621841045679747995988950748369
                    196.803172850259102233394514769315720
                     -0.000106293126764422696294357106872
                      1.081151850181681695062252401839942
                     -0.016818200692349755814847256374378
                      0.438692902957126817931055029475829
                      0.005621849722364658484552446537919
                    196.803172963576230358739849179983139
                     -0.000106293126556205572196336928137
                7000000.000000000000000000000000000000000
                6999255.948126018047332763671875000000000
                6999255.948127474635839462280273437500000
                      1.106507205322538878178306731570046
                     -0.017677070680966622956420408740996
                      0.435337412236893372963209003501106
                      0.005830123973676425500056730300003
                    196.804046218642639587415033020079136
                     -0.000106291916788925472326342303031
                      1.106508315964704003420138178626075
                     -0.017677101248403447736334825890481
                      0.435336644375978132348592453126912
                      0.005830128656926979353880557965795
                    196.804046281862326850387034937739372
                     -0.000106291916620755225717821768061
                7000000.000000000000000000000000000000000
                6999255.956595846451818943023681640625000
                6999255.956597022712230682373046875000000
                      1.129523455396315823051622828643303
                     -0.018515661356430544032258822539916
                      0.425826364338164842227030248977826
                      0.005967206863915539873099991297067
                    196.804899225387998740188777446746826
                     -0.000106290686463497618323252591477
                      1.129524509894812123178553520119749
                     -0.018515692241072169432758443008424
                      0.425825242111502411113121979724383
                      0.005967207189627263957953928752431
                    196.804899206732102356909308582544327
                     -0.000106290686322734864222884498819
                7000000.000000000000000000000000000000000
                6999255.965208123438060283660888671875000
                6999255.965209109708666801452636718750000
                      1.149947407047376080058143088535871
                     -0.019328798305387792644260969154857
                      0.409836471673947100313739611010533
                      0.006026023837125080336030169547712
                    196.805726163410213302995543926954269
                     -0.000106289436012587903317497262101
                      1.149948390530844744006344626541249
                     -0.019328829234285964389084000458752
                      0.409834983866514845907147446268937
                      0.006026019482423437649554198713986
                    196.805726201803253161415341310203075
                     -0.000106289435754212401876415972080
                7000000.000000000000000000000000000000000
                6999255.973961280658841133117675781250000
                6999255.973963088355958461761474609375000
                      1.167515583517416244418996029708069
                     -0.020111001476490329709090332244159
                      0.387124879829494394911648669221904
                      0.006000233327100525267117081540391
                    196.806521164109739174818969331681728
                     -0.000106288164253682699818097379119
                      1.167516480861878980235246672236826
                     -0.020111032155337018462182285816198
                      0.387123020227448044749962718924507
                      0.006000224016749914138224575310687
                    196.806521048109971161466091871261597
                     -0.000106288164794515025573552746696
                7000000.000000000000000000000000000000000
                6999255.982863591983914375305175781250000
                6999255.982859806157648563385009765625000
                      1.181951309639992064859370657359250
                     -0.020856422459463879598429159045736
                      0.357544008545863156722788289698656
                      0.005884415743787838222467190263387
                    196.807277010440913045385968871414661
                     -0.000106286872761382429663015725119
                      1.181952103352972960337297081423458
                     -0.020856452571948499996601356087922
                      0.357541777046322728494942566612735
                      0.005884401267092093275323794188125
                    196.807276994763952870926004834473133
                     -0.000106286872729318329481619509469
                7000000.000000000000000000000000000000000
                6999255.991904038004577159881591796875000
                6999255.991904262453317642211914062500000
                      1.192963363313543467825184052344412
                     -0.021558816662081051185317903673422
                      0.321056118827615699640176671891822
                      0.005674276461378944397262458210207
                    196.807986574028575432748766615986824
                     -0.000106285559918511949054585608021
                      1.192964035940955902503901597810909
                     -0.021558845857331140200008334772974
                      0.321053521460053725711247807339532
                      0.005674256674380835814563983632297
                    196.807986595151220399202429689466953
                     -0.000106285559734376174934912528958
                7000000.000000000000000000000000000000000
                6999256.001093938015401363372802734375000
                6999256.001095226965844631195068359375000
                      1.200245427698288569473561437916942
                     -0.022211524998964511656840414843828
                      0.277747788025634045894207702076528
                      0.005366852555549922118571792850616
                    196.808641899993091328724403865635395
                     -0.000106284226448708906277024199838
                      1.200245960496869601641378721978981
                     -0.022211552903512604001390329244714
                      0.277744838354723799778156489992398
                      0.005366827398736515389310319790184
                    196.808642005434961674836813472211361
                     -0.000106284226061411751209848097766
                7000000.000000000000000000000000000000000
                6999256.010428226552903652191162109375000
                6999256.010430937632918357849121093750000
                      1.203476753673106136588444314838853
                     -0.022807470672127929528505418943496
                      0.227843982158811186877755972091109
                      0.004960721669206956743747305438319
                    196.809234582567967208888148888945580
                     -0.000106282872074705251773038550134
                      1.203477127175074379294983373256400
                     -0.022807496886393649471180822274619
                      0.227840701827670605306153106539568
                      0.004960691178556519108366895665085
                    196.809234531086815422895597293972969
                     -0.000106282872055546613338644634794
                7000000.000000000000000000000000000000000
                6999256.019908844493329524993896484375000
                6999256.019908978603780269622802734375000
                      1.202324483125781551251520795631222
                     -0.023339177169627065011603406219365
                      0.171721298892705931393720675259829
                      0.004456210624913628168264345674743
                    196.809755417367370000647497363388538
                     -0.000106281497129781426548046641134
                      1.202324676675734060893319110618904
                     -0.023339201269924416543011247426875
                      0.171717717820832671549169390345924
                      0.004456174936475058336038390649492
                    196.809755507486585202059359289705753
                     -0.000106281496909590156816662054329
                7000000.000000000000000000000000000000000
                6999256.029533458873629570007324218750000
                6999256.029535000212490558624267578125000
                      1.196448054517615711134226330614183
                     -0.023798814081056302027761262252170
                      0.109919809872528556615733918988553
                      0.003855599942735741386679038100738
                    196.810195699735061225510435178875923
                     -0.000106280100973586634667544803534
                      1.196448047311276408066760268411599
                     -0.023798835618872842684323742901142
                      0.109915967259377078679705164176994
                      0.003855559309491299931765828645780
                    196.810195750424782090703956782817841
                     -0.000106280100990749582163044650862
                7000000.000000000000000000000000000000000
                6999256.039306552149355411529541015625000
                6999256.039306432008743286132812500000000
                      1.185506041481290573358364781597629
                     -0.024178277143977099095106808590572
                      0.043152737039404712171553057942219
                      0.003163317959369193587554347502078
                    196.810545935827121866168454289436340
                     -0.000106278684131519868564727526739
                      1.185505812646480805483406584244221
                     -0.024178295656836819998991572333580
                      0.043148681444450096011955508856772
                      0.003163272757113113047705565961110
                    196.810546001915753322464297525584698
                     -0.000106278684065395963710513871359
                7000000.000000000000000000000000000000000
                6999256.049224446527659893035888671875000
                6999256.049224908463656902313232421875000
                      1.169165622781701330268333549611270
                     -0.024469307725270634384928669646797
                     -0.027687060857864702334563133945267
                      0.002386114455458015429917262295589
                    196.810797163571095325096393935382366
                     -0.000106277246487165787330701760549
                      1.169165151827934012729315327305812
                     -0.024469322739698203678093690882633
                     -0.027691271162591492294158257436720
                      0.002386065192275587092812783041040
                    196.810797166553470560756977647542953
                     -0.000106277246468273239214490100135
                7000000.000000000000000000000000000000000
                6999256.059287956915795803070068359375000
                6999256.059288089163601398468017578125000
                      1.147114625075192240188926007249393
                     -0.024663654247431485155850339197059
                     -0.101525085800023451287898978989688
                      0.001533199212692897862864160885010
                    196.810940884769479453098028898239136
                     -0.000106275787827384582428548454036
                      1.147113892937521084647300995129626
                     -0.024663665293016012042270901361007
                     -0.101529383350596941193444422424363
                      0.001533146529889846398919672765260
                    196.810940834457312575977994129061699
                     -0.000106275787656287315214968802746
                7000000.000000000000000000000000000000000
                6999256.069498574361205101013183593750000
                6999256.069499772042036056518554687500000
                      1.119075708970714178036587327369489
                     -0.024753273241587419456477547896611
                     -0.177109242967696089987583718539099
                      0.000616326077823699356068865018443
                    196.810969502069070813377038575708866
                     -0.000106274307666957170521136732955
                      1.119074698630594610904154251329601
                     -0.024753279844695441624935483559966
                     -0.177113551231221549864258690831775
                      0.000616270756890882577191947966355
                    196.810969347104844473506091162562370
                     -0.000106274308503550944920296172924
                7000000.000000000000000000000000000000000
                6999256.079859697259962558746337890625000
                6999256.079853841103613376617431640625000
                      1.084821783504756442795269322232343
                     -0.024730560670631403230590450448290
                     -0.253021616720598530037023010663688
                     -0.000350200371811504437748879814407
                    196.810876309754831936515984125435352
                     -0.000106272807638758146151630734622
                      1.084820480496397232528238419035915
                     -0.024730562408495117276974184505889
                     -0.253025851472471141612174960755510
                     -0.000350257421097482219123769864311
                    196.810876245642305093497270718216896
                     -0.000106272807840589061955695326933
                7000000.000000000000000000000000000000000
                6999256.090359895490109920501708984375000
                6999256.090358481742441654205322265625000
                      1.044191207557430667307585281378124
                     -0.024588595815896757690310892030539
                     -0.327699532143141847306822000973625
                     -0.001349618935866545412285977256772
                    196.810656699550094117512344382703304
                     -0.000106271286757315171905835526900
                      1.044189601430851599417337638442405
                     -0.024588592285766139311498079678131
                     -0.327703602708749652805408913991414
                     -0.001349676678519475805581584459958
                    196.810656736372237674004281871020794
                     -0.000106271286489626455118266690203
                7000000.000000000000000000000000000000000
                6999256.101006064563989639282226562500000
                6999256.101007938385009765625000000000000
                      0.997100918063272168012645124690607
                     -0.024321371872053926949108770827479
                     -0.399466941291653776513470575082465
                     -0.002362926028152513308749904652473
                    196.810307886075634087319485843181610
                     -0.000106269745248806576779290744561
                      0.997099002366332531899217883619713
                     -0.024321362710820668834310609440763
                     -0.399470752537489093292322195338784
                     -0.002362983319403318821505521896142
                    196.810307826254046403846587054431438
                     -0.000106269745067065629075785115898
                7000000.000000000000000000000000000000000
                6999256.111796624027192592620849609375000
                6999256.111797896213829517364501953125000
                      0.943555494795493499005090143327834
                     -0.023923983579542309335641547818341
                     -0.466576269742041527255338451141142
                     -0.003369220590406063042115958339195
                    196.809829234725071955836028791964054
                     -0.000106268182523439091210354368044
                      0.943553267077197999057602828543168
                     -0.023923968472268415663695151351931
                     -0.466579724903239512201480465591885
                     -0.003369276203212189738783743919726
                    196.809829149443373808026080951094627
                     -0.000106268182937345454278608991583
                7000000.000000000000000000000000000000000
                6999256.122735701501369476318359375000000
                6999256.122732804156839847564697265625000
                      0.883650519135935730297148893441772
                     -0.023392744822907925866806166936840
                     -0.527259687683507061173315833002562
                     -0.004346177660886730437228564483121
                    196.809222675981601469175075180828571
                     -0.000106266599744301559727320538595
                      0.883647982344569982160464860498905
                     -0.023392723545426759995669030445242
                     -0.527262691710723041538244615367148
                     -0.004346230325860414578365009674599
                    196.809222691945279848368954844772816
                     -0.000106266599522380689375224138704
                7000000.000000000000000000000000000000000
                6999256.133815155364573001861572265625000
                6999256.133816708810627460479736328125000
                      0.817569421064609613836182688828558
                     -0.022725220533340292905499779863021
                     -0.579787561320443622925324689276749
                     -0.005270634712065040347606093007471
                    196.808492762951658505699015222489834
                     -0.000106264995507491719333587054663
                      0.817566581340244846742848494614009
                     -0.022725192876995287116770327884296
                     -0.579790023669024545682759708142839
                     -0.005270683134943947474593262114695
                    196.808492697912384983283118344843388
                     -0.000106264995598761321886349673349
                7000000.000000000000000000000000000000000
                6999256.145044812932610511779785156250000
                6999256.145044174045324325561523437500000
                      0.745574153222932411999579471739708
                     -0.021920174240272628785053399269600
                     -0.622530824982057917615918540832354
                     -0.006119262145873403946350066462401
                    196.807645722418044442747486755251884
                     -0.000106263371612590873773254718238
                      0.745571021203565886814601526566548
                     -0.021920140076957091157527912628211
                     -0.622532663608179159808742042514496
                     -0.006119305063993693387380812254150
                    196.807645632031551485852105543017387
                     -0.000106263371791670904742410641575
                7000000.000000000000000000000000000000000
                6999256.156412077136337757110595703125000
                6999256.156410822644829750061035156250000
                      0.667991197151267757092796273354907
                     -0.020977452155580306181192895564891
                     -0.654023330334368879768192073242972
                     -0.006869279878591588207881191152637
                    196.806690378695691379107302054762840
                     -0.000106261726843424807674963472603
                      0.667987785507415332553193820785964
                     -0.020977411399282920589914880338256
                     -0.654024474505175534844170215365011
                     -0.006869316090745297004316327615925
                    196.806690328426924452287494204938412
                     -0.000106261726536886633382242295376
                7000000.000000000000000000000000000000000
                6999256.167925460264086723327636718750000
                6999256.167927606962621212005615234375000
                      0.585195227198576195526413812331157
                     -0.019897838167519985019815464966086
                     -0.673019942575164287212885483313585
                     -0.007499176429759301688859896017902
                    196.805636809114730567671358585357666
                     -0.000106260061291662245516222162767
                      0.585191551191832637357492785668001
                     -0.019897790763297531352327141007663
                     -0.673020336390135032189618868869729
                     -0.007499204841424774239944106568601
                    196.805636828282871420014998875558376
                     -0.000106260061081981624668199581940
                7000000.000000000000000000000000000000000
                6999256.179584322497248649597167968750000
                6999256.179585790261626243591308593750000
                      0.497593193693524948884032710338943
                     -0.018682921665400802069267882643544
                     -0.678546340901053368632744877686491
                     -0.007989386868065315172593443548976
                    196.804496475749971295954310335218906
                     -0.000106258374725270844196427233452
                      0.497589269082306828728690106800059
                     -0.018682867594942663413970507235717
                     -0.678545945151541873840983498666901
                     -0.007989406523365914086776129465761
                    196.804496517177938130771508440375328
                     -0.000106258374381878903337447783706
                7000000.000000000000000000000000000000000
                6999256.191390287131071090698242187500000
                6999256.191392690874636173248291015625000
                      0.405611404152811105827680648872047
                     -0.017335015781515944466306677895773
                     -0.669937171369823780686658665217692
                     -0.008322890905805346850598880337202
                    196.803281066754010453223600052297115
                     -0.000106256666788219250770197721323
                      0.405607248608628290220678991317982
                     -0.017334955068323401605745459619357
                     -0.669935965410093703376048779318808
                     -0.008322901017881309884693941114620
                    196.803281032891106860915897414088249
                     -0.000106256666701473210731587748512
                7000000.000000000000000000000000000000000
                6999256.203345846384763717651367187500000
                6999256.203346453607082366943359375000000
