
 ETALL    1, NO =    1, NV =    6, INA =  302
 *********************************************

    I  COEFFICIENT          ORDER   EXPONENTS
     1  0.92880724351181E-03    0     0 0  0 0  0 0
0.92880724351181E-03
     2   1.7989667647163        1     1 0  0 0  0 0
 1.7989667647163    
     3   114.62725902810        1     0 1  0 0  0 0
 114.62725902810    
     4  -.63388752539492E-01    1     0 0  1 0  0 0
-.63388752539492E-01
     5   5.6043810539308        1     0 0  0 1  0 0
 5.6043810539308    
     6  -.50490511836780E-05    1     0 0  0 0  1 0
-.50490511836780E-05
     7   1.4122326919072        1     0 0  0 0  0 1
 1.4122326919072    
                                      

 ETALL    2, NO =    1, NV =    6, INA =  303
 *********************************************

    I  COEFFICIENT          ORDER   EXPONENTS
     1  -.13768827017965E-03    0     0 0  0 0  0 0
-.13768827017965E-03
     2  -.48523843583109E-01    1     1 0  0 0  0 0
-.48523843583109E-01
     3  -2.5353331959634        1     0 1  0 0  0 0
-2.5353331959634    
     4  0.14978082136331E-02    1     0 0  1 0  0 0
0.14978082136331E-02
     5  -.11387931731845        1     0 0  0 1  0 0
-.11387931731845    
     6  -.22606152923384E-06    1     0 0  0 0  1 0
-.22606152923384E-06
     7  -.53562299601984E-01    1     0 0  0 0  0 1
-.53562299601984E-01
                                      

 ETALL    3, NO =    1, NV =    6, INA =  304
 *********************************************

    I  COEFFICIENT          ORDER   EXPONENTS
     1  -.27912849894443E-02    0     0 0  0 0  0 0
-.27912849894443E-02
     2  0.11502046498878        1     1 0  0 0  0 0
0.11502046498878    
     3   5.4892518598386        1     0 1  0 0  0 0
 5.4892518598386    
     4  -2.8547273243666        1     0 0  1 0  0 0
-2.8547273243666    
     5   200.18494811469        1     0 0  0 1  0 0
 200.18494811469    
     6  0.36914508166514E-05    1     0 0  0 0  1 0
0.36914508166514E-05
     7  0.27820457546506        1     0 0  0 0  0 1
0.27820457546506    
                                      

 ETALL    4, NO =    1, NV =    6, INA =  305
 *********************************************

    I  COEFFICIENT          ORDER   EXPONENTS
     1  -.31458981209943E-04    0     0 0  0 0  0 0
-.31458981209943E-04
     2  0.14859497610402E-02    1     1 0  0 0  0 0
0.14859497610402E-02
     3  0.60694687210299E-01    1     0 1  0 0  0 0
0.60694687210299E-01
     4  -.33564655538234E-01    1     0 0  1 0  0 0
-.33564655538234E-01
     5   2.0029805152372        1     0 0  0 1  0 0
 2.0029805152372    
     6  0.32897177742151E-07    1     0 0  0 0  1 0
0.32897177742151E-07
     7  0.27380794207999E-02    1     0 0  0 0  0 1
0.27380794207999E-02
                                      

 ETALL    5, NO =    1, NV =    6, INA =  306
 *********************************************

    I  COEFFICIENT          ORDER   EXPONENTS
     1  0.23237423819092E-02    0     0 0  0 0  0 0
0.23237423819092E-02
     2  0.27930006554215E-01    1     1 0  0 0  0 0
0.27930006554215E-01
     3   2.5610363616838        1     0 1  0 0  0 0
 2.5610363616838    
     4  -.28014096127750E-02    1     0 0  1 0  0 0
-.28014096127750E-02
     5  0.14847698877154        1     0 0  0 1  0 0
0.14847698877154    
     6  0.99984518607708        1     0 0  0 0  1 0
0.99984518607708    
     7  -9.2018897597519        1     0 0  0 0  0 1
-9.2018897597519    
                                      

 ETALL    6, NO =    1, NV =    6, INA =  307
 *********************************************

    I  COEFFICIENT          ORDER   EXPONENTS
     1  0.65550019216312E-02    0     0 0  0 0  0 0
0.65550019216312E-02
     2  -.11714454649601E-06    1     1 0  0 0  0 0
-.11714454649601E-06
     3  0.10415784431691E-04    1     0 1  0 0  0 0
0.10415784431691E-04
     4  -.19048338056677E-08    1     0 0  1 0  0 0
-.19048338056677E-08
     5  0.20046345954052E-06    1     0 0  0 1  0 0
0.20046345954052E-06
     6  0.19199837909114E-04    1     0 0  0 0  1 0
0.19199837909114E-04
     7  0.99997754500911        1     0 0  0 0  0 1
0.99997754500911    
                                      
