mbrb.5l4.b1..1      1.364955D-04  0.000000D+00  0.000000000D+00
mbrb.5l4.b1..1      9.902471D-01  0.000000D+00  0.000000000D+00
mbrb.5l4.b1..1      2.970468D+00  0.000000D+00  0.000000000D+00
mbrb.5l4.b1..1      5.940799D+00  0.000000D+00  0.000000000D+00
mbrs.5l4.b1..1     -2.940663D+00  0.000000D+00  0.000000000D+00
mbrs.5l4.b1..1      2.966847D-02  0.000000D+00  0.000000000D+00
mbrs.5l4.b1..1      2.009889D+00  0.000000D+00  0.000000000D+00
mbrs.5l4.b1..1     -3.000000D+00  0.000000D+00  0.000000000D+00
mbrs.5l4.b1..1     -3.000000D+00  0.000000D+00  0.000000000D+00
mbrs.5l4.b1..1      2.009889D+00  0.000000D+00  0.000000000D+00
mbrs.5l4.b1..1      2.966847D-02  0.000000D+00  0.000000000D+00
mbrs.5l4.b1..1     -2.940663D+00  0.000000D+00  0.000000000D+00
mbrb.5l4.b1..1      5.940799D+00  0.000000D+00  0.000000000D+00
mbrb.5l4.b1..1      2.970468D+00  0.000000D+00  0.000000000D+00
mbrb.5l4.b1..1      9.902471D-01  0.000000D+00  0.000000000D+00
mbrb.5l4.b1..1      1.364960D-04  0.000000D+00  0.000000000D+00
mbrd.4l5.b1..1      3.999901D+00  0.000000D+00  0.000000000D+00
mbrd.4l5.b1..1      3.038273D+00  0.000000D+00  0.000000000D+00
mbrd.4l5.b1..1      1.115016D+00  0.000000D+00  0.000000000D+00
mbrd.4l5.b1..1     -1.769868D+00  0.000000D+00  0.000000000D+00
mbxa.4l5..1         3.859976D+00  0.000000D+00  0.000000000D+00
mbxa.4l5..1         1.929988D+00  0.000000D+00  0.000000000D+00
mbxa.4l5..1         6.433294D-01  0.000000D+00  0.000000000D+00
mbxa.4l5..1        -2.151225D-10  0.000000D+00  0.000000000D+00
mbxa.4r5..1         2.151225D-10  0.000000D+00  0.000000000D+00
mbxa.4r5..1        -6.433294D-01  0.000000D+00  0.000000000D+00
mbxa.4r5..1        -1.929988D+00  0.000000D+00  0.000000000D+00
mbxa.4r5..1        -3.859976D+00  0.000000D+00  0.000000000D+00
mbrd.4r5.b1..1      1.769868D+00  0.000000D+00  0.000000000D+00
mbrd.4r5.b1..1     -1.115016D+00  0.000000D+00  0.000000000D+00
mbrd.4r5.b1..1     -3.038273D+00  0.000000D+00  0.000000000D+00
mbrd.4r5.b1..1     -3.999901D+00  0.000000D+00  0.000000000D+00
mbrc.4l8.b1..1     -2.999889D+00  0.000000D+00  0.000000000D+00
mbrc.4l8.b1..1     -2.034411D+00  0.000000D+00  0.000000000D+00
mbrc.4l8.b1..1     -1.034541D-01  0.000000D+00  0.000000000D+00
mbrc.4l8.b1..1      2.792980D+00  0.000000D+00  0.000000000D+00
mbx.4l8..1         -5.792869D+00  0.000000D+00  0.000000000D+00
mbx.4l8..1         -2.896435D+00  0.000000D+00  0.000000000D+00
mbx.4l8..1         -9.654783D-01  0.000000D+00  0.000000000D+00
mbx.4l8..1         -6.252776D-10  0.000000D+00  0.000000000D+00
mbxws.1l8           0.000000D+00  0.000000D+00  1.340585502D+01
mbxwh.1l8           0.000000D+00  0.000000D+00  1.340585502D+01
mblw.1r8            0.000000D+00  0.000000D+00  1.340585502D+01
mbxws.1r8           0.000000D+00  0.000000D+00  1.340585502D+01
mbrc.4l8.b1..1      1.911360D-09  0.000000D+00  0.000000000D+00
mbrc.4l8.b1..1      9.654783D-01  0.000000D+00  0.000000000D+00
mbrc.4l8.b1..1      2.896435D+00  0.000000D+00  0.000000000D+00
mbrc.4l8.b1..1      5.792869D+00  0.000000D+00  0.000000000D+00
mbx.4l8..1         -2.792980D+00  0.000000D+00  0.000000000D+00
mbx.4l8..1          1.034541D-01  0.000000D+00  0.000000000D+00
mbx.4l8..1          2.034411D+00  0.000000D+00  0.000000000D+00
mbx.4l8..1          2.999889D+00  0.000000D+00  0.000000000D+00
mbrd.4l5.b1..1      3.999901D+00  0.000000D+00  0.000000000D+00
mbrd.4l5.b1..1      3.038273D+00  0.000000D+00  0.000000000D+00
mbrd.4l5.b1..1      1.115016D+00  0.000000D+00  0.000000000D+00
mbrd.4l5.b1..1     -1.769868D+00  0.000000D+00  0.000000000D+00
mbxa.4l5..1         3.859976D+00  0.000000D+00  0.000000000D+00
mbxa.4l5..1         1.929988D+00  0.000000D+00  0.000000000D+00
mbxa.4l5..1         6.433294D-01  0.000000D+00  0.000000000D+00
mbxa.4l5..1        -4.671218D-10  0.000000D+00  0.000000000D+00
mbxa.4r5..1         4.671218D-10  0.000000D+00  0.000000000D+00
mbxa.4r5..1        -6.433294D-01  0.000000D+00  0.000000000D+00
mbxa.4r5..1        -1.929988D+00  0.000000D+00  0.000000000D+00
mbxa.4r5..1        -3.859976D+00  0.000000D+00  0.000000000D+00
mbrd.4r5.b1..1      1.769868D+00  0.000000D+00  0.000000000D+00
mbrd.4r5.b1..1     -1.115016D+00  0.000000D+00  0.000000000D+00
mbrd.4r5.b1..1     -3.038273D+00  0.000000D+00  0.000000000D+00
mbrd.4r5.b1..1     -3.999901D+00  0.000000D+00  0.000000000D+00
mbrc.4l8.b1..1     -2.999889D+00  0.000000D+00  0.000000000D+00
mbrc.4l8.b1..1     -2.034411D+00  0.000000D+00  0.000000000D+00
mbrc.4l8.b1..1     -1.034541D-01  0.000000D+00  0.000000000D+00
mbrc.4l8.b1..1      2.792980D+00  0.000000D+00  0.000000000D+00
mbx.4l8..1         -5.792869D+00  0.000000D+00  0.000000000D+00
mbx.4l8..1         -2.896435D+00  0.000000D+00  0.000000000D+00
mbx.4l8..1         -9.654783D-01  0.000000D+00  0.000000000D+00
mbx.4l8..1         -1.669775D-09  0.000000D+00  0.000000000D+00
mbxwt.1l2           0.000000D+00  0.000000D+00 -4.170381943D+00
mbwmd.1l2           0.000000D+00  0.000000D+00 -4.170381943D+00
mbaw.1r2            0.000000D+00  0.000000D+00 -4.170381943D+00
mbxwt.1r2           0.000000D+00  0.000000D+00 -4.170381943D+00
mbrc.4l8.b1..1      1.989520D-09  0.000000D+00  0.000000000D+00
mbrc.4l8.b1..1      9.654783D-01  0.000000D+00  0.000000000D+00
mbrc.4l8.b1..1      2.896435D+00  0.000000D+00  0.000000000D+00
mbrc.4l8.b1..1      5.792869D+00  0.000000D+00  0.000000000D+00
mbx.4l8..1         -2.792980D+00  0.000000D+00  0.000000000D+00
mbx.4l8..1          1.034541D-01  0.000000D+00  0.000000000D+00
mbx.4l8..1          2.034411D+00  0.000000D+00  0.000000000D+00
mbx.4l8..1          2.999889D+00  0.000000D+00  0.000000000D+00
