                     -0.027536945052370892517146216960100
                     -0.005886676463064939232583405726018
                     -0.341332908650424260432743039928027
                     -0.002794928149991923738149068867642
                    202.512784433182275733997812494635582
                     -0.000073783596607967301839875462477
                     -0.027537822381902860024993628940138
                     -0.005886667239757840258684851164617
                     -0.341334203143797587642893631709740
                     -0.002794951273369784220529377094522
                    202.512784414030249990901211276650429
                     -0.000073783596549826160741238079144
                7000000.000000000000000000000000000000011
                6999483.514833023771643638610839843750011
                6999483.514833430759608745574951171875011
                     -0.075163383925998694667924837631290
                     -0.005095507716209034775045605414334
                     -0.369436610518309227479960554774152
                     -0.003257812272119719240043300700904
                    202.512011626423060306478873826563358
                     -0.000073782318105754417431919878201
                     -0.075164412520279028084857486646797
                     -0.005095495220171315439716686057636
                     -0.369437780540059823586318543675588
                     -0.003257834701041773493856990029371
                    202.512011677169510903695481829345226
                     -0.000073782317707015310920271033979
                7000000.000000000000000000000000000000011
                6999483.523782539181411266326904296875011
                6999483.523785330355167388916015625000011
                     -0.124919601948306535632582381367683
                     -0.004243647860350556987041326095778
                     -0.395465009544788359541200861713151
                     -0.003712556275797606209626566808879
                    202.511194255016249599066213704645634
                     -0.000073781015197967156262620624929
                     -0.124920780541697751253593651199481
                     -0.004243631981549314362289759827718
                     -0.395466031315125643441632519170525
                     -0.003712577693916638450766232182332
                    202.511194171391508689339389093220234
                     -0.000073781014982432507757006967530
                7000000.000000000000000000000000000000011
                6999483.532902893610298633575439453125011
                6999483.532904402352869510650634765625011
                     -0.176688990783896771041838746896246
                     -0.003331058385614892904114103799884
                     -0.418954373674123747850472909703967
                     -0.004153082003736931551718392086059
                    202.510334408118467308668186888098717
                     -0.000073779688696053581480061023257
                     -0.176690316094692323467540973069845
                     -0.003331039067801199165391734524633
                     -0.418955223319362524136977299349383
                     -0.004153102081037835825727544403208
                    202.510334483637080893458914943039417
                     -0.000073779687975342953800902967565
                7000000.000000000000000000000000000000011
                6999483.542188406921923160552978515625011
                6999483.542193451896309852600097656250011
                     -0.230333950417094840412701728382672
                     -0.002358018863678821089302495295215
                     -0.439436852472974759376000974953058
                     -0.004572933831055368998630417110007
                    202.509435397092346420322428457438946
                     -0.000073778337599108008795258106804
                     -0.230335419102900840204739552063984
                     -0.002357996009536975166170913453811
                     -0.439437506334199090574088586436119
                     -0.004572952216547286966030760879676
                    202.509435318205078147002495825290680
                     -0.000073778337593919206933122667547
                7000000.000000000000000000000000000000011
                6999483.551646085456013679504394531250011
                6999483.551646121777594089508056640625011
                     -0.285695286174956930569379665030283
                     -0.001325160465511772281757552072179
                     -0.456447673414746901698890724219382
                     -0.004965342031926035792910312238746
                    202.508500375169717244716593995690346
                     -0.000073776962323830763169907331900
                     -0.285696892718569683822238403081428
                     -0.001325134049840726328459150629158
                     -0.456448108618566994465481911902316
                     -0.004965358370650672058255192808929
                    202.508500343172755719933775253593922
                     -0.000073776962377049192724591530901
                7000000.000000000000000000000000000000011
                6999483.561273012310266494750976562500011
                6999483.561272639781236648559570312500011
                     -0.342591512633575623336668058982468
                     -0.000233508833307733581520493348904
                     -0.469532843917052911120180169746163
                     -0.005323298558640532016084101485376
                    202.507533255369310154492268338799477
                     -0.000073775562239184264015992575914
                     -0.342593250366425183806029508559732
                     -0.000233478837912265061284647349460
                     -0.469533038766580257394878117338521
                     -0.005323312490092004488351218327580
                    202.507533289348884864011779427528381
                     -0.000073775562360921438393585036764
                7000000.000000000000000000000000000000011
                6999483.571073604747653007507324218750011
                6999483.571072752587497234344482421875011
                     -0.400818022207596880157609575690003
                      0.000915462518868088060038090691961
                     -0.478257212993456859440044581788243
                     -0.005639645128883738305070050245149
                    202.506538598563508912775432690978050
                     -0.000073774137578930509264937831482
                     -0.400819883451427272369471666024765
                      0.000915496084564861533315605068850
                     -0.478257147219646960856209716439480
                     -0.005639656289687593193615811060226
                    202.506538581290442380122840404510498
                     -0.000073774137151453445101698114250
                7000000.000000000000000000000000000000011
                6999483.581046226434409618377685546875011
                6999483.581049218773841857910156250000011
                     -0.460146113877156814897517733697896
                      0.002119768017489713409634566332329
                     -0.482212738111077121594405525684124
                     -0.005907173406327432575724234453673
                    202.505521124460386772625497542321682
                     -0.000073772686968570378709605939171
                     -0.460148090040863155802952633166569
                      0.002119805159221152968812562633616
                     -0.482212393826974117239103634346975
                     -0.005907181440355032016331637834128
                    202.505521014478574670647503808140755
                     -0.000073772687084054389952333941061
                7000000.000000000000000000000000000000011
                6999483.591200498864054679870605468750011
                6999483.591199689544737339019775390625011
                     -0.520321933643422385173948896408547
                      0.003376836974363312936925352047979
                     -0.481026810461965270704354225017596
                     -0.006118737029288716378072621182582
                    202.504485962345995631039841100573540
                     -0.000073771211902610552761487550111
                     -0.520324012566903082444014216889627
                      0.003376877569555308648829861084550
                     -0.481026171949459735444065699994098
                     -0.006118741594724364830926166547442
                    202.504486004747207061882363632321358
                     -0.000073771211014794039746537979152
                7000000.000000000000000000000000000000011
                6999483.601525959558784961700439453125011
                6999483.601532175205647945404052734375011
                     -0.581065442826498412820512839971343
                      0.004683435273796282202751761758464
                     -0.474370511877621192642351388712996
                     -0.006267375194946096100823140773173
                    202.503438985499059299399959854781628
                     -0.000073769709332965254042907554677
                     -0.581067612442240477577115598251112
                      0.004683479259621397237933759782891
                     -0.474369566750371896013405148551101
                     -0.006267375967078367415830086883943
                    202.503438922154884949122788384556770
                     -0.000073769708963496272266686937247
                7000000.000000000000000000000000000000011
                6999483.612043947912752628326416015625011
                6999483.612046533264219760894775390625011
                     -0.642069602571321063066989154322073
                      0.006035588929022787235689762042057
                     -0.461966731621704818078200105446740
                     -0.006346447623860638348469720426692
                    202.502385948371880886043072678148746
                     -0.000073768181344998780247200487192
                     -0.642071848545950119024894320318708
                      0.006035636152138900041574931520927
                     -0.461965470658240118240200899890624
                     -0.006346444306120391752601417323376
                    202.502386023913686585729010403156281
                     -0.000073768181150352357244165402150
                7000000.000000000000000000000000000000011
                6999483.622739862650632858276367187500011
                6999483.622741225175559520721435546875011
                     -0.702999970277614960600942595192464
                      0.007428516688768608579318541984549
                     -0.443598136457814318234227357606869
                     -0.006349780920500240448400841586363
                    202.501333410191307393688475713133812
                     -0.000073766626353600114863150183364
                     -0.703002276735913200766958652820904
                      0.007428566953650663808039755764412
                     -0.443596554309658552828210531515651
                     -0.006349773251690853451134621820984
                    202.501333425111994301914819516241550
                     -0.000073766625886342263528593077293
                7000000.000000000000000000000000000000011
                6999483.633624802343547344207763671875011
                6999483.633628073148429393768310546875011
                     -0.763494924038027766854952460562345
                      0.008856581720672419832940391870579
                     -0.419115094609490368426918394106906
                     -0.006271826557109485590635333807086
                    202.500287816445307953472365625202656
                     -0.000073765043992892508962523623328
                     -0.763497272877762256371170224156231
                      0.008856634793964280119582532790901
                     -0.419113189903410621184320916654542
                     -0.006271814316325314588029815610071
                    202.500287821219188799659605138003826
                     -0.000073765043981583589124614852572
                7000000.000000000000000000000000000000011
                6999483.644701327197253704071044921875011
                6999483.644701406359672546386718750000011
                     -0.823166660217828916046300946618430
                      0.010313270537582906391516068822511
                     -0.388443752406097020379860396133154
                     -0.006107830904129975604921476417530
                    202.499255827971921917196596041321754
                     -0.000073763434429316622085656685037
                     -0.823169031777185367104721080977470
                      0.010313326122294987768901464164628
                     -0.388441528516754341904260172668728
                     -0.006107813925738737534376632254407
                    202.499255722734659457273664884269238
                     -0.000073763434607465336941174716134
                7000000.000000000000000000000000000000011
                6999483.655968272127211093902587890625011
                6999483.655967025086283683776855468750011
                     -0.881603029074053856639636705949670
                      0.011791206153060788258679636442139
                     -0.351594569456339267610189835977508
                     -0.005854017811228675802204257649919
                    202.498244118518186951405368745326996
                     -0.000073761797002032568272740509219
                     -0.881605402021742978746488006436266
                      0.011791263898277370633649319131564
                     -0.351592034334476610801800688932417
                     -0.005853995987817617492610100526917
                    202.498244084656164432090008631348610
                     -0.000073761796998839457349499137973
                7000000.000000000000000000000000000000011
                6999483.667430263012647628784179687500011
                6999483.667430285364389419555664062500011
                     -0.938370140058412349759464632370509
                      0.013282198509518854459554582092551
                     -0.308671663328554057859065551383537
                     -0.005507783894436977210895545198355
                    202.497259390311000970541499555110931
                     -0.000073760131725276260861688670811
                     -0.938372491440362166414956845983397
                      0.013282258027234069078237332917070
                     -0.308668830673418770338400918262778
                     -0.005507757192166409798694814980990
                    202.497259395873868470516754314303398
                     -0.000073760131643319873655413598801
                7000000.000000000000000000000000000000011
                6999483.679087200202047824859619140625011
                6999483.679087773896753787994384765625011
                     -0.993015557016304839521581016015261
                      0.014777330592655648494604392340079
                     -0.259883296001261532293113987179822
                     -0.005067905975146396076180810297274
                    202.496308216921306666336022317409515
                     -0.000073758437784406552886230790111
                     -0.993017862205515355888962858443847
                      0.014777391440902138547430766379875
                     -0.259880185154819143278359661053400
                     -0.005067874439434665728709816789888
                    202.496308198032210157180088572204113
                     -0.000073758437631004413804515496000
                7000000.000000000000000000000000000000011
                6999483.690944786183536052703857421875011
                6999483.690945859998464584350585937500011
                     -1.045071794245174823245747575128917
                      0.016267073195530945550757451201207
                     -0.205553683735308689861653874686453
                     -0.004534758567702005908894857810765
                    202.495396612596579188902978785336018
                     -0.000073756715852636597864286360782
                     -1.045074028421297374080722875078209
                      0.016267134923461414042211714559016
                     -0.205550320613279741133183620149794
                     -0.004534722337972142171269585020354
                    202.495396597187806264628306962549686
                     -0.000073756715491017348237078044004
                7000000.000000000000000000000000000000011
                6999483.702998307533562183380126953125011
                6999483.703000838868319988250732421875011
                     -1.094059790440194745997359859757125
                      0.017741416306667447816414195926882
                     -0.146136046930865987070191636121308
                     -0.003910537249158931721870757769466
                    202.494530454120990725641604512929916
                     -0.000073754965525772424208943156554
                     -1.094061926418268937410971375356894
                      0.017741478415013885866491349929674
                     -0.146132464413305324102410054365464
                     -0.003910496565722707679180203399483
                    202.494530446211399521416751667857170
                     -0.000073754965818872942565770367551
                7000000.000000000000000000000000000000011
                6999483.715250596404075622558593750000011
                6999483.715248543769121170043945312500011
                     -1.139492036328760615759847496519797
                      0.019190001022691131893349592019149
                     -0.082226420247160952881060325125873
                     -0.003199480876514949802963405645073
                    202.493715411160764006126555614173412
                     -0.000073753187379770510068675848370
                     -1.139494047057379999543513804383110
                      0.019190062982095374560786993356487
                     -0.082222659129623981710821567503444
                     -0.003199436098158059751939141790444
                    202.493715355484511064787511713802814
                     -0.000073753187496718018061406252350
                7000000.000000000000000000000000000000011
                6999483.727697617374360561370849609375011
                6999483.727696798741817474365234375000011
                     -1.180875134472166188004393916344270
                      0.020602234163925342569356757849164
                     -0.014577277573345502614809987562694
                     -0.002408082472167121564771141706274
                    202.492956315922896237680106423795223
                     -0.000073751381115277160399265610202
                     -1.180876991588899693752523489820305
                      0.020602295430081553340162514587064
                     -0.014573386678354782741706685555982
                     -0.002408034076890620475697168956231
                    202.492956231650452991743804886937141
                     -0.000073751381247391924948601793499
                7000000.000000000000000000000000000000011
                6999483.740341468714177608489990234375011
                6999483.740340543910861015319824218750011
                     -1.217711694253156728962039778707549
                      0.021967368310203731762708656560790
                      0.055890490088767404153191620252983
                     -0.001545274788923010813451730527390
                    202.492257942477777987733134068548679
                     -0.000073749548227730371725840985420
                     -1.217713368857550326751493230403867
                      0.021967428318254128560838012163003
                      0.055894453512299172026622784414940
                     -0.001545223381925803782591111179556
                    202.492257875554372503756894730031490
                     -0.000073749548413196610988952495180
                7000000.000000000000000000000000000000011
                6999483.753171681426465511322021484375011
                6999483.753170383162796497344970703125011
                     -1.249501654671401285057186214544345
                      0.023274533793870785108870435919926
                      0.128079177897925972073878142509784
                     -0.000622572714992847319262492256087
                    202.491624877866399856429779902100563
                     -0.000073747689333000454527285161266
                     -1.249503117866498147492393400170840
                      0.023274591962100389663792299188572
                      0.128083146910737882828712486116274
                     -0.000622519048674201910635594980903
                    202.491624873034396614457364194095135
                     -0.000073747688641426906424464204903
                7000000.000000000000000000000000000000011
                6999483.766183944419026374816894531250011
                6999483.766188785433769226074218750000011
                     -1.275743266116211138694325200049207
                      0.024512715215697884058032585130604
                      0.200711822027038494509199040294334
                      0.000345849905516064707027695801500
                    202.491061721926428162987576797604561
                     -0.000073745805173484546492408686635
                     -1.275744487385526815259595423412975
                      0.024512770976979243731097568570476
                      0.200715721366655774904330655772355
                      0.000345904950849492906234800004839
                    202.491061639277830863647977821528912
                     -0.000073745805561313882195949298559
                7000000.000000000000000000000000000000011
                6999483.779373059980571269989013671875011
                6999483.779370346106588840484619140625011
                     -1.295934024452596755594413480139337
                      0.025670672001383110921723940123229
                      0.272338377522651609030646113751573
                      0.001343175865730257502114741718913
                    202.490573234175599282025359570980072
                     -0.000073743897857031753383799665968
                     -1.295934973907047815799842283013277
                      0.025670724704084359191202935335241
                      0.272342124104736016398931042203913
                      0.001343231277537219837611703887603
                    202.490573210711829688079888001084328
                     -0.000073743897944309974058774148631
                7000000.000000000000000000000000000000011
                6999483.792724275030195713043212890625011
                6999483.792723664082586765289306640625011
                     -1.309571746295253413805426134786103
                      0.026736809023399844831292426761138
                      0.341353291961824512057432912115473
                      0.002350082929098930902694908340322
                    202.490164803679988381190923973917961
                     -0.000073741968413285703589504782585
                     -1.309572393305451720735277376661543
                      0.026736858020240745342777088922048
                      0.341356795935349122128599219649914
                      0.002350137575595353470886417213137
                    202.490164748947876205420470796525478
                     -0.000073741968357406357300470878258
                7000000.000000000000000000000000000000011
                6999483.806230381131172180175781250000011
                6999483.806230772286653518676757812500011
                     -1.316155650364408735697452357271686
                      0.027699007597801861280117918795440
                      0.406027010227311357937196589773521
                      0.003345035919438241796969313313070
                    202.489842678876016179856378585100174
                     -0.000073740018921756694250321806372
                     -1.316155964026875846428765726159327
                      0.027699052170477651141355934782950
                      0.406030177180655815760701443650760
                      0.003345088570972835385897159454771
                    202.489842670956903702972340397536755
                     -0.000073740018554150371806431285560
                7000000.000000000000000000000000000000011
                6999483.819876821711659431457519531250011
                6999483.819879394955933094024658203125011
                     -1.315186805259540347989855035848450
                      0.028544427119334195991351421639592
                      0.464553200671712906988375380024081
                      0.004304758703938612804384966636917
                    202.489614393902854772022692486643791
                     -0.000073738050861784122116081297005
                     -1.315186753917880535524886909115594
                      0.028544466522280959042134895753406
                      0.464555934862370234483819331217092
                      0.004304808066829317499124574197822
                    202.489614327918758363011875189840794
                     -0.000073738050885466323064627858219
                7000000.000000000000000000000000000000011
                6999483.833653241395950317382812500000011
                6999483.833653075620532035827636718750011
                     -1.306166746992387661663315157056786
                      0.029259285248421966485476986008507
                      0.515112079778192955004101349913981
                      0.005204898772672598115940356677811
                    202.489489050388272062264150008559227
                     -0.000073736067387225370773316812656
                     -1.306166299263235242023029059055261
                      0.029259318637583554834069587968770
                      0.515114287651453395255884970538318
                      0.005204943526627083157098940802143
                    202.489489106935849349611089564859867
                     -0.000073736067029065322387532122050
                7000000.000000000000000000000000000000011
                6999483.847537563182413578033447265625011
                6999483.847540070302784442901611328125011
