
 ETALL    1, NO =    1, NV =    6, INA =  301
 *********************************************

    I  COEFFICIENT          ORDER   EXPONENTS
     1  0.42451265392696E-01    0     0 0  0 0  0 0
0.42451265392696E-01
     2   1.7399234403795        1     1 0  0 0  0 0
 1.7399234403795    
     3   107.20870170066        1     0 1  0 0  0 0
 107.20870170066    
     4  0.37703656942775E-01    1     0 0  1 0  0 0
0.37703656942775E-01
     5  -.87082612737799        1     0 0  0 1  0 0
-.87082612737799    
     6  -.16614282305085E-04    1     0 0  0 0  1 0
-.16614282305085E-04
     7  0.85632885785342        1     0 0  0 0  0 1
0.85632885785342    
                                      

 ETALL    2, NO =    1, NV =    6, INA =  302
 *********************************************

    I  COEFFICIENT          ORDER   EXPONENTS
     1  -.89682062532272E-03    0     0 0  0 0  0 0
-.89682062532272E-03
     2  -.47701607569148E-01    1     1 0  0 0  0 0
-.47701607569148E-01
     3  -2.3637520725869        1     0 1  0 0  0 0
-2.3637520725869    
     4  -.15323576413321E-03    1     0 0  1 0  0 0
-.15323576413321E-03
     5  -.30425452109180E-01    1     0 0  0 1  0 0
-.30425452109180E-01
     6  -.56165544572240E-07    1     0 0  0 0  1 0
-.56165544572240E-07
     7  -.46119142815889E-01    1     0 0  0 0  0 1
-.46119142815889E-01
                                      

 ETALL    3, NO =    1, NV =    6, INA =  303
 *********************************************

    I  COEFFICIENT          ORDER   EXPONENTS
     1  0.15691905891583E-01    0     0 0  0 0  0 0
0.15691905891583E-01
     2  0.48299259316154E-01    1     1 0  0 0  0 0
0.48299259316154E-01
     3  -.13334723446618        1     0 1  0 0  0 0
-.13334723446618    
     4  -2.9012645256687        1     0 0  1 0  0 0
-2.9012645256687    
     5   210.49982526477        1     0 0  0 1  0 0
 210.49982526477    
     6  0.80282382878722E-06    1     0 0  0 0  1 0
0.80282382878722E-06
     7  0.41856892122429E-01    1     0 0  0 0  0 1
0.41856892122429E-01
                                      

 ETALL    4, NO =    1, NV =    6, INA =  304
 *********************************************

    I  COEFFICIENT          ORDER   EXPONENTS
     1  0.57003819551912E-04    0     0 0  0 0  0 0
0.57003819551912E-04
     2  0.48558658989245E-04    1     1 0  0 0  0 0
0.48558658989245E-04
     3  -.26647738421110E-01    1     0 1  0 0  0 0
-.26647738421110E-01
     4  -.34633839416584E-01    1     0 0  1 0  0 0
-.34633839416584E-01
     5   2.1677225563214        1     0 0  0 1  0 0
 2.1677225563214    
     6  0.51476069102896E-07    1     0 0  0 0  1 0
0.51476069102896E-07
     7  0.21529700951710E-02    1     0 0  0 0  0 1
0.21529700951710E-02
                                      

 ETALL    5, NO =    1, NV =    6, INA =  305
 *********************************************

    I  COEFFICIENT          ORDER   EXPONENTS
     1  0.18093580332843E-02    0     0 0  0 0  0 0
0.18093580332843E-02
     2  0.39295506377004E-01    1     1 0  0 0  0 0
0.39295506377004E-01
     3   2.9193666414364        1     0 1  0 0  0 0
 2.9193666414364    
     4  0.64044726443732E-02    1     0 0  1 0  0 0
0.64044726443732E-02
     5  -.42869407364458        1     0 0  0 1  0 0
-.42869407364458    
     6  0.99985866486275        1     0 0  0 0  1 0
0.99985866486275    
     7  -8.4115292719096        1     0 0  0 0  0 1
-8.4115292719096    
                                      

 ETALL    6, NO =    1, NV =    6, INA =  306
 *********************************************

    I  COEFFICIENT          ORDER   EXPONENTS
     1  0.92346149714287E-03    0     0 0  0 0  0 0
0.92346149714287E-03
     2  -.13335594502725E-06    1     1 0  0 0  0 0
-.13335594502725E-06
     3  0.10773938949838E-04    1     0 1  0 0  0 0
0.10773938949838E-04
     4  -.32399915711206E-08    1     0 0  1 0  0 0
-.32399915711206E-08
     5  0.40801854289900E-06    1     0 0  0 1  0 0
0.40801854289900E-06
     6  0.19199837909116E-04    1     0 0  0 0  1 0
0.19199837909116E-04
     7  0.99997901826675        1     0 0  0 0  0 1
0.99997901826675    
                                      
