                     -0.967939338593642339958478260086849
                     -0.025292225913870817338713337107947
                     -0.100590977419677873871961537588504
                      0.029636630009205064406607732507837
                      0.000000000000000000000000000000000
                      0.000000000000000000000000000000000
                     -0.967936843401382973617330662818858
                     -0.025293194407883565211214715873211
                     -0.100590986487779032731992856497527
                      0.029636632453249149576901544378416
                      0.000000000000000000000000000000000
                      0.000000000000000000000000000000000
                 450000.000000000000000000000000000000000
                 449999.999999999941792339086532592773438
                 449999.999999999941792339086532592773438
                     -1.559842997066413605722345891990699
                     -0.041096550484681873549597241890297
                     -0.166155950333712221222981497703586
                      0.047749923488249225445034795711763
                      0.000000000000000000000000000000000
                      0.000000000000000000000000000000000
                     -1.559840487079512616475085451384075
                     -0.041097519292549664071678705568047
                     -0.166155964766641739416286327468697
                      0.047749927458538003743893085584205
                      0.000000000000000000000000000000000
                      0.000000000000000000000000000000000
                 450000.000000000000000000000000000000000
                 449999.999999999941792339086532592773438
                 449999.999999999941792339086532592773438
                     -2.149961439683511610354571530479006
                     -0.057433217386720400443600453854742
                     -0.236368201661167010030339952209033
                      0.065773203196509325008101143339445
                      0.000000000000000000000000000000000
                      0.000000000000000000000000000000000
                     -2.149958901400458088915002008434385
                     -0.057434186130575756723537494963239
                     -0.236368221288260627055421991826734
                      0.065773208746491937382039338899631
                      0.000000000000000000000000000000000
                      0.000000000000000000000000000000000
                 450000.000000000000000000000000000000000
                 449999.999999999941792339086532592773438
                 449999.999999999941792339086532592773438
                     -2.737636400301608929908070422243327
                     -0.074555564789665393354844979967311
                     -0.312697563907460729382137287757359
                      0.083662632005028506054777892586571
                      0.000000000000000000000000000000000
                      0.000000000000000000000000000000000
                     -2.737633820183400068515311431838199
                     -0.074556533072376793280788831452810
                     -0.312697588532194536981023702537641
                      0.083662639214399245335407329093869
                      0.000000000000000000000000000000000
                      0.000000000000000000000000000000000
                 450000.000000000000000000000000000000000
                 449999.999999999941792339086532592773438
                 449999.999999999941792339086532592773438
                     -3.322163715374024217652504376019351
                     -0.092719718599084510746166643002653
                     -0.396686744028201809797451460326556
                      0.101371723669527472044826765795733
                      0.000000000000000000000000000000000
                      0.000000000000000000000000000000000
                     -3.322161079845177056313332286663353
                     -0.092720685998093022028854193195002
                     -0.396686773419508087457074907433707
                      0.101371732643818573960103890385653
                      0.000000000000000000000000000000000
                      0.000000000000000000000000000000000
                 450000.000000000000000000000000000000000
                 449999.999999999941792339086532592773438
                 449999.999999999941792339086532592773438
                     -3.902776061640480520509299822151661
                     -0.112184210211234994258866493055393
                     -0.489947213851907870107993403507862
                      0.118850221022918950408708838040184
                      0.000000000000000000000000000000000
                      0.000000000000000000000000000000000
                     -3.902773357090114636491762212244794
                     -0.112185176272215914039520612277556
                     -0.489947247732326562896787436329760
                      0.118850231892762309149347288439458
                      0.000000000000000000000000000000000
                      0.000000000000000000000000000000000
                 450000.000000000000000000000000000000000
                 449999.999999999941792339086532592773438
                 449999.999999999941792339086532592773438
                     -4.478625539809016231629357207566500
                     -0.133209459341576630375669765271596
                     -0.594152649721034098462268957518972
                      0.136042990472733049678311090247007
                      0.000000000000000000000000000000000
                      0.000000000000000000000000000000000
                     -4.478622752594057843111841066274792
                     -0.133210423572266867253688360506203
                     -0.594152687752106833940501928736921
                      0.136043003392796846284795719839167
                      0.000000000000000000000000000000000
                      0.000000000000000000000000000000000
                 450000.000000000000000000000000000000000
                 449999.999999999941792339086532592773438
                 449999.999999999941792339086532592773438
                     -5.048766027470207085059428209206089
                     -0.156057087974019959020210990274791
                     -0.711029256516729546433452924247831
                      0.152888914807211340196602122887271
                      0.000000000000000000000000000000000
                      0.000000000000000000000000000000000
                     -5.048763143915916629111961810849607
                     -0.156058049837795420611286090206704
                     -0.711029298280457133785148471361026
                      0.152888929954605318206617425857985
                      0.000000000000000000000000000000000
                      0.000000000000000000000000000000000
                 450000.000000000000000000000000000000000
                 449999.999999999941792339086532592773438
                 449999.999999999941792339086532592773438
                     -5.612135200170199844649232545634732
                     -0.180989029145345925453369773094892
                     -0.842342221705208338278225710382685
                      0.169319764893317764586910811885900
                      0.000000000000000000000000000000000
                      0.000000000000000000000000000000000
                     -5.612132206574653281450082431547344
                     -0.180989988054876482781452295967028
                     -0.842342266682404083866231303545646
                      0.169319782465656015757460295390047
                      0.000000000000000000000000000000000
                      0.000000000000000000000000000000000
                 450000.000000000000000000000000000000000
                 449999.999999999941792339086532592773438
                 449999.999999999941792339086532592773438
                     -6.167536088134571770069669582881033
                     -0.208266392302872888064868561741605
                     -0.989877454110535293096972964121960
                      0.185259029669887415048279422080668
                      0.000000000000000000000000000000000
                      0.000000000000000000000000000000000
                     -6.167532970774475487019117281306535
                     -0.208267347613954018070714369059715
                     -0.989877501656274194630213969503529
                      0.185259049882516402263377131021116
                      0.000000000000000000000000000000000
                      0.000000000000000000000000000000000
                 450000.000000000000000000000000000000000
                 449999.999999999941792339086532592773438
                 449999.999999999941792339086532592773438
                     -6.713617996265172749303928867448121
                     -0.238148045538498054352061217286973
                     -1.155417672566470432826690739602782
                      0.200620683094301643922818811915931
                      0.000000000000000000000000000000000
                      0.000000000000000000000000000000000
                     -6.713614741402261998359790595714003
                     -0.238148996543760371746856208119425
                     -1.155417721881027759422977396752685
                      0.200620706176972640744082809760584
                      0.000000000000000000000000000000000
                      0.000000000000000000000000000000000
                 450000.000000000000000000000000000000000
                 449999.999999999941792339086532592773438
                 449999.999999999941792339086532592773438
                     -7.248856566162180214973886904772371
                     -0.270888874312516292341967982792994
                     -1.340711824938076723867652617627755
                      0.215307866679344483973324031467200
                      0.000000000000000000000000000000000
                      0.000000000000000000000000000000000
                     -7.248853160056615507755850558169186
                     -0.270889820235736544784543866626336
                     -1.340711875035963451807674573501572
                      0.215307892871903994169713314477121
                      0.000000000000000000000000000000000
                      0.000000000000000000000000000000000
                 450000.000000000000000000000000000000000
                 449999.999999999941792339086532592773438
                 449999.999999999941792339086532592773438
                     -7.771532701397655173991552146617323
                     -0.306737676589765251300434556469554
                     -1.547436742498779604915171148604713
                      0.229211467338169216922949544823496
                      0.000000000000000000000000000000000
                      0.000000000000000000000000000000000
                     -7.771529130320919520613642816897482
                     -0.306738616579483480695245134484139
                     -1.547436792174658570786505151772872
                      0.229211496885422166824852752142760
                      0.000000000000000000000000000000000
                      0.000000000000000000000000000000000
                 450000.000000000000000000000000000000000
                 449999.999999999941792339086532592773438
                 449999.999999999941792339086532592773438
                     -8.279710013008017455149456509388983
                     -0.345934655880679453598958161819610
                     -1.777149873192291895662719980464317
                      0.242208572914915126750301510583085
                      0.000000000000000000000000000000000
                      0.000000000000000000000000000000000
                     -8.279706263264674959145850152708590
                     -0.345935589005272714491212582288426
                     -1.777149920985920950045056088129058
                      0.242208606060202058518626699878951
                      0.000000000000000000000000000000000
                      0.000000000000000000000000000000000
                 450000.000000000000000000000000000000000
                 449999.999999999941792339086532592773438
                 449999.999999999941792339086532592773438
                     -8.771210375286479177248111227527261
                     -0.388708476823699522473276601886027
                     -2.031231895581318447341345745371655
                      0.254160792573170202235388615008560
                      0.000000000000000000000000000000000
                      0.000000000000000000000000000000000
                     -8.771206433244230993295786902308464
                     -0.388709402065351650179536591167562
                     -2.031231939740281156048240518430248
                      0.254160829550881206539969525692868
                      0.000000000000000000000000000000000
                      0.000000000000000000000000000000000
                 450000.000000000000000000000000000000000
                 449999.999999999941792339086532592773438
                 449999.999999999941792339086532592773438
                     -9.243587119414799602168386627454311
                     -0.435272852937243104332054599581170
                     -2.310817999818918000443090932094492
                      0.264912436757965052969154839956900
                      0.000000000000000000000000000000000
                      0.000000000000000000000000000000000
                     -9.243582971542311454982154828030616
                     -0.435273769186987125046073288103798
                     -2.310818038266697183047426733537577
                      0.264912477784695232774225814864621
                      0.000000000000000000000000000000000
                      0.000000000000000000000000000000000
                 450000.000000000000000000000000000000000
                 449999.999999999941792339086532592773438
                 449999.999999999941792339086532592773438
                     -9.694095345020404153046911233104765
                     -0.485822643284444521949438922092668
                     -2.616716640853872455352302495157346
                      0.274288562356452936263906394742662
                      0.000000000000000000000000000000000
                      0.000000000000000000000000000000000
                     -9.694090977934745723132436978630722
                     -0.485823549336780180496475622931030
                     -2.616716671157009344028665509540588
                      0.274288607620612967519235780855524
                      0.000000000000000000000000000000000
                      0.000000000000000000000000000000000
                 450000.000000000000000000000000000000000
                 449999.999999999941792339086532592773438
                 449999.999999999941792339086532592773438
                    -10.119658812966852323711464123334736
                     -0.540529444130554259650978110585129
                     -2.949314632988579987227240053471178
                      0.282092903508216807928477010136703
                      0.000000000000000000000000000000000
                      0.000000000000000000000000000000000
                    -10.119654213503450179700848821084946
                     -0.540530338677820632042880788503680
                     -2.949314652335384590031708285096101
                      0.282092953158360415510941265893052
                      0.000000000000000000000000000000000
                      0.000000000000000000000000000000000
                 450000.000000000000000000000000000000000
                 449999.999999999941792339086532592773438
                 449999.999999999941792339086532592773438
                    -10.516832918471310520658335008192807
                     -0.599536673114789309124716965015978
                     -3.308467579727244256559970381204039
                      0.288105727605615757891399653090048
                      0.000000000000000000000000000000000
                      0.000000000000000000000000000000000
                    -10.516828073763235806836746633052826
                     -0.599537554741290668047781764471438
                     -3.308467584915715686832982100895606
                      0.288105781737300004063939695697627
                      0.000000000000000000000000000000000
                      0.000000000000000000000000000000000
                 450000.000000000000000000000000000000000
                 449999.999999999941792339086532592773438
                 449999.999999999941792339086532592773438
                    -10.881763362199087907811190234497190
                     -0.662954156432112307051340849284315
                     -3.693374843214862757179162144893780
                      0.292081679371174018911005987320095
                      0.000000000000000000000000000000000
                      0.000000000000000000000000000000000
                    -10.881758259786481701780758157838136
                     -0.662955023607409654751165817287983
                     -3.693374830657748741913337653386407
                      0.292081738012362146506006865820382
                      0.000000000000000000000000000000000
                      0.000000000000000000000000000000000
                 450000.000000000000000000000000000000000
                 449999.999999999941792339086532592773438
                 449999.999999999941792339086532592773438
                    -11.210140380359135292565042618662119
                     -0.730852242842827015678608404414263
                     -4.102438593567518054783249681349844
                      0.293747702903946139585400487703737
                      0.000000000000000000000000000000000
                      0.000000000000000000000000000000000
                    -11.210135008322117400325623748358339
                     -0.730853093913611195908686113398289
                     -4.102438559322235889226249128114432
                      0.293747765999402110637106488866266
                      0.000000000000000000000000000000000
                      0.000000000000000000000000000000000
                 450000.000000000000000000000000000000000
                 449999.999999999941792339086532592773438
                 449999.999999999941792339086532592773438
                    -11.497148821306288013488483557011932
                     -0.803255480075793504290970759029733
                     -4.533107004301224485232069127960131
                      0.292801160841926644273769397841534
                      0.000000000000000000000000000000000
                      0.000000000000000000000000000000000
                    -11.497143168432112148025225906167179
                     -0.803256313256040410664127193740569
                     -4.533106944126943815831509709823877
                      0.292801228237006661014873998283292
                      0.000000000000000000000000000000000
                      0.000000000000000000000000000000000
                 450000.000000000000000000000000000000000
                 449999.999999999941792339086532592773438
                 449999.999999999941792339086532592773438
                    -11.737415046749214653232229466084391
                     -0.880135896783312832170054207381327
                     -4.981702476925886635683582426281646
                      0.288908298862895207559375876371632
                      0.000000000000000000000000000000000
                      0.000000000000000000000000000000000
                    -11.737409102732716092987175215967000
                     -0.880136710142313427596150177123491
                     -4.981702386381503089296529651619494
                      0.288908370286828641848586585183511
                      0.000000000000000000000000000000000
                      0.000000000000000000000000000000000
                 450000.000000000000000000000000000000000
                 449999.999999999941792339086532592773438
                 449999.999999999941792339086532592773438
                    -11.924952699586562232525466242805123
                     -0.961405934038350062920130767452065
                     -5.443237038128181382035108981654048
                      0.281703229247550701597191391556407
                      0.000000000000000000000000000000000
                      0.000000000000000000000000000000000
                    -11.924946455276666412714803300332278
                     -0.961406725485660751395755596604431
                     -5.443236912720253783959378779400140
                      0.281703304297485690455005169496872
                      0.000000000000000000000000000000000
                      0.000000000000000000000000000000000
                 450000.000000000000000000000000000000000
                 449999.999999999941792339086532592773438
                 449999.999999999941792339086532592773438
                    -12.053110955699773754190573527012020
                     -1.046911063182260903658971074037254
                     -5.911218974884644872247463354142383
                      0.270787625332555736967776738310931
                      0.000000000000000000000000000000000
                      0.000000000000000000000000000000000
                    -12.053104403387973064809557399712503
                     -1.046911830450322877794633313897066
                     -5.911218810269822654390736715868115
                      0.270787703459268280781202520302031
                      0.000000000000000000000000000000000
                      0.000000000000000000000000000000000
                 450000.000000000000000000000000000000000
                 449999.999999999941792339086532592773438
                 449999.999999999941792339086532592773438
                    -12.114531114900195518657710636034608
                     -1.136422114401780314452139464265201
                     -6.377457645955672660420532338321209
                      0.255731326671037539899344892546651
                      0.000000000000000000000000000000000
                      0.000000000000000000000000000000000
                    -12.114524248651491689088288694620132
                     -1.136422855025163602959992203977890
                     -6.377457438215113683099843910895288
                      0.255731407167316571182880124979420
                      0.000000000000000000000000000000000
                      0.000000000000000000000000000000000
                 450000.000000000000000000000000000000000
                 449999.999999999941792339086532592773438
                 449999.999999999941792339086532592773438
                    -12.101120401232527967749774688854814
                     -1.229627333237181208147603683755733
                     -6.831877576074453450871715176617727
                      0.236074054037446245946085809919168
                      0.000000000000000000000000000000000
                      0.000000000000000000000000000000000
                    -12.101113217271784350259622442536056
                     -1.229628044531378083803474510204978
                     -6.831877322067700930574574158526957
                      0.236074136030657022455869764598901
                      0.000000000000000000000000000000000
                      0.000000000000000000000000000000000
                 450000.000000000000000000000000000000000
                 449999.999999999941792339086532592773438
                 449999.999999999941792339086532592773438
                    -12.004055603222980153077514842152596
                     -1.326124202802745344342838507145643
                     -7.262358732857622456435819913167506
                      0.211328434667220316223179565895407
                      0.000000000000000000000000000000000
                      0.000000000000000000000000000000000
                    -12.004048100341142557567764015402645
                     -1.326124881842080327487565227784216
                     -7.262358430656854935136834683362395
                      0.211328517118145847719645757933904
                      0.000000000000000000000000000000000
                      0.000000000000000000000000000000000
                 450000.000000000000000000000000000000000
                 449999.999999999941792339086532592773438
                 449999.999999999941792339086532592773438
                    -11.813833318606597799771407153457403
                     -1.425411154452109752099886463838629
                     -7.654627473369588486207248934078962
                      0.180984567703346393985341933330346
                      0.000000000000000000000000000000000
                      0.000000000000000000000000000000000
                    -11.813825498601755015215530875138938
                     -1.425411798052182321683289956126828
                     -7.654627122777178271917364327237010
                      0.180984649412100961907157170571736
                      0.000000000000000000000000000000000
                      0.000000000000000000000000000000000
                 450000.000000000000000000000000000000000
                 449999.999999999941792339086532592773438
                 449999.999999999941792339086532592773438
                    -11.520387086426373102199249842669815
                     -1.526879485065176345059967388806399
                     -7.992231759396217327662270690780133
                      0.144516466223742284791242695973779
                      0.000000000000000000000000000000000
                      0.000000000000000000000000000000000
                    -11.520378954520101189018532750196755
                     -1.526880089771715631741244578734040
                     -7.992231362523949833587266766699031
                      0.144516545845251892510319180473743
                      0.000000000000000000000000000000000
                      0.000000000000000000000000000000000
                 450000.000000000000000000000000000000000
                 449999.999999999941792339086532592773438
                 449999.999999999941792339086532592773438
                    -11.113292687128552671538272988982499
                     -1.629806141797422558425978422746994
                     -8.256643773088573112772792228497565
                      0.101390967214053412392971154076804
                      0.000000000000000000000000000000000
                      0.000000000000000000000000000000000
                    -11.113284252332800150497860158793628
                     -1.629806703888883046005275900824927
                     -8.256643334957820101749348395969719
                      0.101391043282080831056113368049409
                      0.000000000000000000000000000000000
                      0.000000000000000000000000000000000
                 450000.000000000000000000000000000000000
                 449999.999999999941792339086532592773438
                 449999.999999999941792339086532592773438
                    -10.582078414529194176907367364037782
                     -1.733348512122079743136282559134997
                     -8.427540618253429371975471440237015
                      0.051080187297787092715051215918720
                      0.000000000000000000000000000000000
                      0.000000000000000000000000000000000
                    -10.582069689860112760015908861532807
                     -1.733349027629436323039158196479548
                     -8.427540147337415632478041516151279
                      0.051080258258977433161174275255689
                      0.000000000000000000000000000000000
                      0.000000000000000000000000000000000
                 450000.000000000000000000000000000000000
                 449999.999999999941792339086532592773438
                 449999.999999999941792339086532592773438
