
 ETALL    1, NO =    1, NV =    4, INA =  302
 *********************************************

    I  COEFFICIENT          ORDER   EXPONENTS
     1   0.0000000000000        0     0 0  0 0
 0.0000000000000    
     2  0.16336179896396        1     1 0  0 0
0.16336179896396    
     3   9.9081053657194        1     0 1  0 0
 9.9081053657194    
     4   0.0000000000000        1     0 0  1 0
 0.0000000000000    
     5   0.0000000000000        1     0 0  0 1
 0.0000000000000    
                                      

 ETALL    2, NO =    1, NV =    4, INA =  303
 *********************************************

    I  COEFFICIENT          ORDER   EXPONENTS
     1   0.0000000000000        0     0 0  0 0
 0.0000000000000    
     2  -.98053580468647E-01    1     1 0  0 0
-.98053580468647E-01
     3  0.17430509097718        1     0 1  0 0
0.17430509097718    
     4   0.0000000000000        1     0 0  1 0
 0.0000000000000    
     5   0.0000000000000        1     0 0  0 1
 0.0000000000000    
                                      

 ETALL    3, NO =    1, NV =    4, INA =  304
 *********************************************

    I  COEFFICIENT          ORDER   EXPONENTS
     1   0.0000000000000        0     0 0  0 0
 0.0000000000000    
     2   0.0000000000000        1     1 0  0 0
 0.0000000000000    
     3   0.0000000000000        1     0 1  0 0
 0.0000000000000    
     4  0.79425895289999E-01    1     0 0  1 0
0.79425895289999E-01
     5   10.099639986900        1     0 0  0 1
 10.099639986900    
                                      

 ETALL    4, NO =    1, NV =    4, INA =  305
 *********************************************

    I  COEFFICIENT          ORDER   EXPONENTS
     1   0.0000000000000        0     0 0  0 0
 0.0000000000000    
     2   0.0000000000000        1     1 0  0 0
 0.0000000000000    
     3   0.0000000000000        1     0 1  0 0
 0.0000000000000    
     4  -.98157874942243E-01    1     0 0  1 0
-.98157874942243E-01
     5  0.10879073094015        1     0 0  0 1
0.10879073094015    
                                      
