
 ETALL    1, NO =    1, NV =    6, INA =  302
 *********************************************

    I  COEFFICIENT          ORDER   EXPONENTS
     1  -.31367595175594E-02    0     0 0  0 0  0 0
-.31367595175594E-02
     2   1.8113243517229        1     1 0  0 0  0 0
 1.8113243517229    
     3   111.31598535265        1     0 1  0 0  0 0
 111.31598535265    
     4  -.14409619002875E-02    1     0 0  1 0  0 0
-.14409619002875E-02
     5  0.57828521302783        1     0 0  0 1  0 0
0.57828521302783    
     6  -.14487585358689E-04    1     0 0  0 0  1 0
-.14487585358689E-04
     7   1.0551521689913        1     0 0  0 0  0 1
 1.0551521689913    
                                      

 ETALL    2, NO =    1, NV =    6, INA =  303
 *********************************************

    I  COEFFICIENT          ORDER   EXPONENTS
     1  -.34994961499630E-04    0     0 0  0 0  0 0
-.34994961499630E-04
     2  -.48656351523433E-01    1     1 0  0 0  0 0
-.48656351523433E-01
     3  -2.4380797069419        1     0 1  0 0  0 0
-2.4380797069419    
     4  0.19493835739542E-03    1     0 0  1 0  0 0
0.19493835739542E-03
     5  -.24568012943773E-01    1     0 0  0 1  0 0
-.24568012943773E-01
     6  -.73241101102265E-07    1     0 0  0 0  1 0
-.73241101102265E-07
     7  -.47091872311367E-01    1     0 0  0 0  0 1
-.47091872311367E-01
                                      

 ETALL    3, NO =    1, NV =    6, INA =  304
 *********************************************

    I  COEFFICIENT          ORDER   EXPONENTS
     1  -.26066906681540E-03    0     0 0  0 0  0 0
-.26066906681540E-03
     2  0.12446810676471E-01    1     1 0  0 0  0 0
0.12446810676471E-01
     3  0.15260702811427E-01    1     0 1  0 0  0 0
0.15260702811427E-01
     4  -2.8714883154344        1     0 0  1 0  0 0
-2.8714883154344    
     5   210.02937024557        1     0 0  0 1  0 0
 210.02937024557    
     6  0.44962151479194E-05    1     0 0  0 0  1 0
0.44962151479194E-05
     7  0.22475602375662        1     0 0  0 0  0 1
0.22475602375662    
                                      

 ETALL    4, NO =    1, NV =    6, INA =  305
 *********************************************

    I  COEFFICIENT          ORDER   EXPONENTS
     1  -.10244540378845E-04    0     0 0  0 0  0 0
-.10244540378845E-04
     2  0.48893171444806E-04    1     1 0  0 0  0 0
0.48893171444806E-04
     3  -.61527507766869E-02    1     0 1  0 0  0 0
-.61527507766869E-02
     4  -.34015138063991E-01    1     0 0  1 0  0 0
-.34015138063991E-01
     5   2.1396920422670        1     0 0  0 1  0 0
 2.1396920422670    
     6  0.10235603940161E-07    1     0 0  0 0  1 0
0.10235603940161E-07
     7  0.48264092068311E-03    1     0 0  0 0  0 1
0.48264092068311E-03
                                      

 ETALL    5, NO =    1, NV =    6, INA =  306
 *********************************************

    I  COEFFICIENT          ORDER   EXPONENTS
     1  0.15332161110612E-02    0     0 0  0 0  0 0
0.15332161110612E-02
     2  0.33965712927312E-01    1     1 0  0 0  0 0
0.33965712927312E-01
     3   2.6681036686413        1     0 1  0 0  0 0
 2.6681036686413    
     4  -.61215162785008E-02    1     0 0  1 0  0 0
-.61215162785008E-02
     5  0.38085809044959        1     0 0  0 1  0 0
0.38085809044959    
     6  0.99984555036637        1     0 0  0 0  1 0
0.99984555036637    
     7  -8.5366574896865        1     0 0  0 0  0 1
-8.5366574896865    
                                      

 ETALL    6, NO =    1, NV =    6, INA =  307
 *********************************************

    I  COEFFICIENT          ORDER   EXPONENTS
     1  0.63029363059808E-02    0     0 0  0 0  0 0
0.63029363059808E-02
     2  -.13538927389691E-06    1     1 0  0 0  0 0
-.13538927389691E-06
     3  0.11722546367144E-04    1     0 1  0 0  0 0
0.11722546367144E-04
     4  -.95382096570080E-10    1     0 0  1 0  0 0
-.95382096570080E-10
     5  0.58841354300507E-08    1     0 0  0 1  0 0
0.58841354300507E-08
     6  0.20676748576868E-04    1     0 0  0 0  1 0
0.20676748576868E-04
     7  0.99997717639036        1     0 0  0 0  0 1
0.99997717639036    
                                      
