   4.098307412804894634E-01   3.906858581458421374E-03   4.714209729193858944E-01   2.735189792198681070E-03  -2.971352570726307207E-01   2.763021559290946400E-04
   4.098281673496005917E-01   3.906873496338201385E-03   4.714209679851812940E-01   2.735189803640471727E-03  -2.971352630178971110E-01   2.763021559290946400E-04
   4.156754017183512673E-01   3.906858584457955155E-03   4.755128168485150963E-01   2.735189794298653176E-03  -2.971352654767419610E-01   2.763013879560498906E-04
   4.156728501001225595E-01   3.906873499337746442E-03   4.755128119314274149E-01   2.735189805740443833E-03  -2.971352714220083513E-01   2.763013879560498906E-04
   4.215200621607003706E-01   3.906858587457488936E-03   4.796046607807858964E-01   2.735189796398625282E-03  -2.971352738808532012E-01   2.763006199830051954E-04
   4.215175328551318268E-01   3.906873502337291498E-03   4.796046558808151339E-01   2.735189807840415939E-03  -2.971352798261195916E-01   2.763006199828619181E-04
   4.273647226075367733E-01   3.906858590457022717E-03   4.836965047161982389E-01   2.735189798498597388E-03  -2.971352822849644415E-01   2.762998520098171686E-04
   4.273622156146283935E-01   3.906873505336836555E-03   4.836964998333443955E-01   2.735189809940388045E-03  -2.971352882302308318E-01   2.762998520096738913E-04
   5.039782195663989883E-01   3.906858593456558233E-03   5.373335766647557854E-01   2.735189800598570361E-03  -2.971353924484810283E-01   2.762990840363426415E-04
   5.039760050542837488E-01   3.906873508336383347E-03   5.373335720062754062E-01   2.735189812040361018E-03  -2.971353983937474186E-01   2.762990840361993642E-04
   5.098228800222099899E-01   3.906858596456093749E-03   5.414254206064512687E-01   2.735189802698543334E-03  -2.971354008524221824E-01   2.762983160628680601E-04
   5.098206878227550254E-01   3.906873511335930138E-03   5.414254159650877529E-01   2.735189814140333991E-03  -2.971354067976885727E-01   2.762983160625815055E-04
   5.156675404825082909E-01   3.906858599455629265E-03   5.455172645512882390E-01   2.735189804798516307E-03  -2.971354092565334226E-01   2.762975480893934787E-04
   5.156653705957136014E-01   3.906873514335476930E-03   5.455172599270416978E-01   2.735189816240306965E-03  -2.971354152017998129E-01   2.762975480891069241E-04
   5.215122009472938913E-01   3.906858602455164781E-03   5.496091084992668074E-01   2.735189806898489281E-03  -2.971354176604745767E-01   2.762967801159189516E-04
   5.215100533731594767E-01   3.906873517335023721E-03   5.496091038921372407E-01   2.735189818340279938E-03  -2.971354236059110532E-01   2.762967801156323970E-04
