                     -0.483884562338126433811424931263900
                     -0.002200288078235052881270750191334
                     -0.302717702046727876741272211802425
                     -0.006831503918220701784824733238111
                     -2.313415567117029336685618545743637
                      0.000276296780115918951589021324011
                     -0.483882809957552506574529616045766
                     -0.002200335804033206645036191417830
                     -0.302717655663038209823412216792349
                     -0.006831503593946859631547141589181
                     -2.313415534056357802938919121515937
                      0.000276296780115632396954833405189
                6500000.000000000000000000000000000000000
                6501795.929033337160944938659667968750000
                6501795.929033336229622364044189453125000
                     -0.833161701094650597454460694279987
                      0.016142468087184478481299620966638
                     -0.481085799975633443548161949365749
                     -0.004016359550648194304267590837298
                     -4.641010562364108693600428523495793
                      0.000276242797800344615666984227076
                     -0.833163900699123161075476673431695
                      0.016142501300506911093846085236692
                     -0.481085890961224227346804127591895
                     -0.004016360719615278893068754939577
                     -4.641010606932182369632755580823869
                      0.000276242797799914783715702348843
                6500000.000000000000000000000000000000000
                6501795.578148293308913707733154296875000
                6501795.578148291446268558502197265625000
                      0.613253470942428657863843000086490
                     -0.012876390542987652815254406846179
                      0.627914376941448137969814524694812
                      0.008185938329453083112108302543675
                     -6.927134476368691728964677167823538
                      0.000276140979416257266020745531065
                      0.613253329751423104099217198381666
                     -0.012876367652895702453630377704030
                      0.627914424454302455558263318380341
                      0.008185939077418340550917896791816
                     -6.927134504788130975327931082574651
                      0.000276140979415684156752369693422
                6500000.000000000000000000000000000000000
                6501794.916328811086714267730712890625000
                6501794.916328807361423969268798828125000
                     -0.073334698003637871499549305553955
                     -0.010443886454504345065452675100914
                     -0.084228533988786422059824587904586
                     -0.004404862917182808708382868445597
                     -9.244149704631860586800939927343279
                      0.000275991421132456714229025385166
                     -0.073332375060005200451129780958581
                     -0.010443936732377917878111794891538
                     -0.084228536019261446288197703324840
                     -0.004404863454467067458708573468584
                     -9.244149676707015927945576549973339
                      0.000275991421131597050326461628700
                6500000.000000000000000000000000000000000
                6501793.944199986755847930908203125000000
                6501793.944199980236589908599853515625000
                     -1.024908873529115194145333589403890
                      0.016746590947926479064911120531178
                     -0.618056780693510998681006185506703
                     -0.006445479184865118491010171908329
                    -11.576839748372158567235601367428899
                      0.000275794195187194202643909957118
                     -1.024910376876227102727057172160130
                      0.016746603885424839880391445490204
                     -0.618056900889763394246756433858536
                     -0.006445480272001678952176195736001
                    -11.576839777322939895043418800923973
                      0.000275794195185904706790064322419
                6500000.000000000000000000000000000000000
                6501792.662231368944048881530761718750000
                6501792.662231360562145709991455078125000
                     -1.024908873529115194145333589403890
                      0.016746590947926479064911120531178
                     -0.618056780693510998681006185506703
                     -0.006445479184865118491010171908329
                    -11.576839748372158567235601367428899
                      0.000275794195187194202643909957118
                     -1.024910376876227102727057172160130
                      0.016746603885424839880391445490204
                     -0.618056900889763394246756433858536
                     -0.006445480272001678952176195736001
                    -11.576839777322939895043418800923973
                      0.000275794195185904706790064322419
                6500000.000000000000000000000000000000000
                6501792.662231368944048881530761718750000
                6501792.662231360562145709991455078125000
